[3 7] [2 5 8]
1 2 [0 3] [1 7] 6 0 1
1 3 [0 3] [2 0] 6 0 1
1 4 [0 3] [4 6] 9 1 1
1 5 [0 3] [5 1] 9 1 1
1 6 [0 3] [6 9] 15 1 2
1 7 [0 3] [8 7] 15 2 1
1 8 [0 3] [9 0] 15 2 1
1 9 [0 3] [9 4] 12 2 0
2 1 [1 7] [0 3] 6 0 1
2 3 [1 7] [2 0] 10 0 2
2 4 [1 7] [4 6] 5 1 0
2 5 [1 7] [5 1] 13 1 2
2 6 [1 7] [6 9] 9 1 1
2 7 [1 7] [8 7] 9 2 0
2 8 [1 7] [9 0] 19 2 2
2 9 [1 7] [9 4] 14 2 1
3 1 [2 0] [0 3] 6 0 1
3 2 [2 0] [1 7] 10 0 2
3 4 [2 0] [4 6] 11 1 2
3 5 [2 0] [5 1] 5 1 0
3 6 [2 0] [6 9] 17 1 3
3 7 [2 0] [8 7] 17 2 2
3 8 [2 0] [9 0] 9 2 0
3 9 [2 0] [9 4] 14 2 1
4 1 [4 6] [0 3] 8 0 1
4 2 [4 6] [1 7] 4 0 0
4 3 [4 6] [2 0] 10 0 2
4 5 [4 6] [5 1] 8 0 2
4 6 [4 6] [6 9] 6 0 1
4 7 [4 6] [8 7] 6 1 0
4 8 [4 6] [9 0] 14 1 2
4 9 [4 6] [9 4] 9 1 1
5 1 [5 1] [0 3] 8 0 1
5 2 [5 1] [1 7] 12 0 2
5 3 [5 1] [2 0] 4 0 0
5 4 [5 1] [4 6] 8 0 2
5 6 [5 1] [6 9] 12 0 3
5 7 [5 1] [8 7] 12 1 2
5 8 [5 1] [9 0] 6 1 0
5 9 [5 1] [9 4] 9 1 1
6 1 [6 9] [0 3] 14 0 2
6 2 [6 9] [1 7] 8 0 1
6 3 [6 9] [2 0] 16 0 3
6 4 [6 9] [4 6] 6 0 1
6 5 [6 9] [5 1] 12 0 3
6 7 [6 9] [8 7] 6 1 1
6 8 [6 9] [9 0] 16 1 3
6 9 [6 9] [9 4] 11 1 2
7 1 [8 7] [0 3] 13 0 1
7 2 [8 7] [1 7] 7 0 0
7 3 [8 7] [2 0] 15 0 2
7 4 [8 7] [4 6] 5 0 0
7 5 [8 7] [5 1] 11 0 2
7 6 [8 7] [6 9] 5 0 1
7 8 [8 7] [9 0] 10 0 2
7 9 [8 7] [9 4] 5 0 1
8 1 [9 0] [0 3] 13 0 1
8 2 [9 0] [1 7] 17 0 2
8 3 [9 0] [2 0] 7 0 0
8 4 [9 0] [4 6] 13 0 2
8 5 [9 0] [5 1] 5 0 0
8 6 [9 0] [6 9] 15 0 3
8 7 [9 0] [8 7] 10 0 2
8 9 [9 0] [9 4] 5 0 1
9 1 [9 4] [0 3] 10 0 0
9 2 [9 4] [1 7] 12 0 1
9 3 [9 4] [2 0] 12 0 1
9 4 [9 4] [4 6] 8 0 1
9 5 [9 4] [5 1] 8 0 1
9 6 [9 4] [6 9] 10 0 2
9 7 [9 4] [8 7] 5 0 1
9 8 [9 4] [9 0] 5 0 1
712
